intrinsic:
900.4857632254283 0.0 366.8661146698476 
0.0 902.6176551471326 363.7146796254499 
0.0 0.0 1.0 
distortion:
-0.04074323275039075 1.3719603634486155 -0.0027819018501480247 0.0011755031235693644 -5.637775169623254 
