intrinsic:
926.7112344222677 0.0 366.86387719274677 
0.0 928.7212583044412 358.17005894003324 
0.0 0.0 1.0 
distortion:
-0.042736966121127366 1.355959158837944 -0.0024952648024986887 0.0033896734823038875 -5.316323475425649 
